74
mask_color_000000.jpg 616.640869140625 0.0 308.548095703125 0.0 616.2581787109375 248.52310180664062 0.0 0.0 1.0 -0.2755398660010675 -0.07282002864754711 -0.9585274112065272 0.65163988703718 -0.747208644046351 -0.1305554461755678 -0.7067131388669945 -0.6605879932921774 0.2533381302255897 1.2813147991423346 -0.3428422730968689 1.271508448357886
mask_color_000001.jpg 616.640869140625 0.0 308.548095703125 0.0 616.2581787109375 248.52310180664062 0.0 0.0 1.0 -0.27512220621180195 -0.07289040003271541 -0.9586420573149441 0.6518675444393573 -0.7470585193085617 -0.1302778208194746 -0.7066658879314067 -0.6607500461444178 0.2530471944608972 1.281435366642274 -0.34305236823195284 1.2717202870752256
mask_color_000002.jpg 616.640869140625 0.0 308.548095703125 0.0 616.2581787109375 248.52310180664062 0.0 0.0 1.0 -0.275501757156734 -0.07285912982332832 -0.9585354470286807 0.6518635839381666 -0.747009694456295 -0.13057737615070408 -0.7065217020435572 -0.6608087194527512 0.2532966325024164 1.2813340848145058 -0.342855971684169 1.2715521170744906
mask_color_000003.jpg 616.640869140625 0.0 308.548095703125 0.0 616.2581787109375 248.52310180664062 0.0 0.0 1.0 -0.2755422159930898 -0.07305816047272407 -0.9585086036529966 0.6519418284373306 -0.7469584560941449 -0.130479763358899 -0.7064336751112488 -0.6608446957481555 0.25344822065302264 1.281344366711755 -0.34292836091498685 1.2714833617380028
mask_color_000004.jpg 616.640869140625 0.0 308.548095703125 0.0 616.2581787109375 248.52310180664062 0.0 0.0 1.0 -0.2758918616355759 -0.07184156051266899 -0.9585000108672954 0.6542097119055714 -0.744617264402545 -0.13249516768557168 -0.7041971781060343 -0.6636144063900307 0.25243317268470467 1.281111967583945 -0.34166246568670217 1.2728046272962836
mask_color_000005.jpg 616.640869140625 0.0 308.548095703125 0.0 616.2581787109375 248.52310180664062 0.0 0.0 1.0 -0.27528460118421894 -0.07168548772549577 -0.958686281642601 0.653929120063786 -0.7449388916188351 -0.1320716051069506 -0.7046952729383473 -0.6632702105971104 0.2519473426119263 1.2812447475947966 -0.34189349173900224 1.2730768064797402
mask_color_000006.jpg 616.640869140625 0.0 308.548095703125 0.0 616.2581787109375 248.52310180664062 0.0 0.0 1.0 -0.275535331676795 -0.07145111889865796 -0.9586317396437813 0.6537787774242096 -0.7450154758853738 -0.13238330981891533 -0.7047367933909705 -0.6632094141819094 0.251991210251 1.2811627505127525 -0.34169472745919927 1.273026698368138
mask_color_000007.jpg 616.640869140625 0.0 308.548095703125 0.0 616.2581787109375 248.52310180664062 0.0 0.0 1.0 -0.27594876151541037 -0.06856275371651055 -0.9587237461841731 0.6543550447415998 -0.744014928384912 -0.13513452352471633 -0.7040396771102369 -0.6646361023172638 0.2501743102485814 1.2807710478830356 -0.339815437600424 1.2746109752335089
mask_color_000008.jpg 616.640869140625 0.0 308.548095703125 0.0 616.2581787109375 248.52310180664062 0.0 0.0 1.0 -0.27629296187565533 -0.06717336234108084 -0.9587229897423977 0.6566045334001156 -0.7416397763276561 -0.13726247709020845 -0.7018069242079006 -0.6674266068655896 0.24901612795567685 1.2805408652814476 -0.33844947148939075 1.276035597051806
mask_color_000009.jpg 616.640869140625 0.0 308.548095703125 0.0 616.2581787109375 248.52310180664062 0.0 0.0 1.0 -0.27615854567638554 -0.0674946968942165 -0.9587391625964892 0.6567040521623784 -0.7416093957185694 -0.13695036085158163 -0.7017666765436683 -0.6674280056102746 0.24912576663725394 1.2805812499461293 -0.33867175342989536 1.2759688058820533
mask_color_000010.jpg 616.640869140625 0.0 308.548095703125 0.0 616.2581787109375 248.52310180664062 0.0 0.0 1.0 -0.2765200857482446 -0.06675119508079952 -0.9586869726608418 0.656421188845155 -0.741722652593503 -0.13769112437499142 -0.701888948944049 -0.6673769035996382 0.24891801702651417 1.2804580138950024 -0.33817338868524804 1.2760799217405356
mask_color_000011.jpg 616.640869140625 0.0 308.548095703125 0.0 616.2581787109375 248.52310180664062 0.0 0.0 1.0 -0.2763926610399814 -0.06703642567992896 -0.9587038345727308 0.6564428134480982 -0.7417604428330602 -0.13738440211338654 -0.7019189394307965 -0.6673064127032569 0.24902266749472135 1.2804938473345193 -0.33836197803152845 1.275999108045887
mask_color_000012.jpg 616.640869140625 0.0 308.548095703125 0.0 616.2581787109375 248.52310180664062 0.0 0.0 1.0 -0.27636797253330414 -0.06722752921032482 -0.9586975144198364 0.6562549002315146 -0.741969658208188 -0.13715170228975193 -0.7021043363405675 -0.66705434929865 0.2491749274650088 1.2804997464425372 -0.3384972955082418 1.27588884606214
mask_color_000013.jpg 616.640869140625 0.0 308.548095703125 0.0 616.2581787109375 248.52310180664062 0.0 0.0 1.0 -0.27635501286208175 -0.06705595182898105 -0.9587133344225074 0.6562628894084366 -0.7419392904124171 -0.1372777664227005 -0.7021020030100518 -0.6671054335887592 0.24904490956308312 1.2805005582994764 -0.33839937775042644 1.2759720057069008
mask_color_000014.jpg 616.640869140625 0.0 308.548095703125 0.0 616.2581787109375 248.52310180664062 0.0 0.0 1.0 -0.27683551295327646 -0.06387294109850306 -0.9587920618975723 0.6562574193976167 -0.74141797668827 -0.1400915994890335 -0.7019178325570814 -0.6679967793293375 0.24716790354004647 1.2800198967314766 -0.33645601038654777 1.2775025617711318
mask_color_000015.jpg 616.640869140625 0.0 308.548095703125 0.0 616.2581787109375 248.52310180664062 0.0 0.0 1.0 -0.27845331789764316 -0.06792240030562313 -0.9580449275550036 0.6574123091034358 -0.7406817464240665 -0.1385631034555841 -0.7001950456871768 -0.668413969416956 0.25089822831772235 1.2798957356272076 -0.3374992436370876 1.2751890061167082
mask_color_000016.jpg 616.640869140625 0.0 308.548095703125 0.0 616.2581787109375 248.52310180664062 0.0 0.0 1.0 -0.27840972228779126 -0.06847921448815808 -0.9580179614690865 0.6579943843102454 -0.7402121268549693 -0.13830931546322534 -0.6996654444174495 -0.6688771332085026 0.2511410729530925 1.2799629188459205 -0.3377292016100002 1.2751297287067902
mask_color_000017.jpg 616.640869140625 0.0 308.548095703125 0.0 616.2581787109375 248.52310180664062 0.0 0.0 1.0 -0.27426498767135854 -0.06551417061821052 -0.9594198189791965 0.6589658410524304 -0.7394269534745139 -0.13788364326377112 -0.7003876898566299 -0.6700416445941595 0.24597045697595155 1.2808537132806634 -0.33811868855406224 1.2790868188710864
mask_color_000018.jpg 616.640869140625 0.0 308.548095703125 0.0 616.2581787109375 248.52310180664062 0.0 0.0 1.0 -0.2744061986042734 -0.06598057389465817 -0.9593475317917317 0.6594052935175134 -0.7390538510912266 -0.13778289688966705 -0.6999186453760387 -0.6704073770207606 0.24630882859326508 1.2808792782042029 -0.33823009613763855 1.278945281270636
mask_color_000019.jpg 616.640869140625 0.0 308.548095703125 0.0 616.2581787109375 248.52310180664062 0.0 0.0 1.0 -0.27624370219950034 -0.06713461497806228 -0.9587398772426923 0.659162983052354 -0.739198801037054 -0.13816434135924727 -0.6994240104168528 -0.670132946579578 0.24845160074967065 1.2802613688555224 -0.3378695587374789 1.277665289862879
mask_color_000020.jpg 616.640869140625 0.0 308.548095703125 0.0 616.2581787109375 248.52310180664062 0.0 0.0 1.0 -0.2760549607852303 -0.0671020818942678 -0.9587965410389709 0.6591513630646251 -0.7392312741990903 -0.138045952055049 -0.699509460593116 -0.6701003382044506 0.24829883022355403 1.2802994520595168 -0.33794595899126945 1.2777449249532813
mask_color_000021.jpg 616.640869140625 0.0 308.548095703125 0.0 616.2581787109375 248.52310180664062 0.0 0.0 1.0 -0.2761539324209332 -0.06724772221945052 -0.9587578560481091 0.6593760621774098 -0.7390232391699407 -0.138086599366253 -0.6992584976072416 -0.6703151870061095 0.24842569914441714 1.2803067737573253 -0.33795261641086255 1.2777150196527658
mask_color_000022.jpg 616.640869140625 0.0 308.548095703125 0.0 616.2581787109375 248.52310180664062 0.0 0.0 1.0 -0.2738668511069884 -0.06466110498658528 -0.9595914152952751 0.662346744995501 -0.7361085020788578 -0.13943137019536112 -0.6973477926323797 -0.6737679900888389 0.24442373327709666 1.2805611694967114 -0.3371874169914964 1.2812175056295196
mask_color_000023.jpg 616.640869140625 0.0 308.548095703125 0.0 616.2581787109375 248.52310180664062 0.0 0.0 1.0 -0.27404089582784685 -0.06523882963815542 -0.9595025865077216 0.6629082859880044 -0.7356249778750406 -0.13931441900616237 -0.6967455479215785 -0.6742402197306199 0.24483865012780237 1.280734728364461 -0.3371928269277137 1.2813632801086874
mask_color_000024.jpg 616.640869140625 0.0 308.548095703125 0.0 616.2581787109375 248.52310180664062 0.0 0.0 1.0 -0.27407580563539025 -0.06404655929885639 -0.9595730196019443 0.6628542961904915 -0.7354986860060135 -0.14023543326386534 -0.6967832568000816 -0.6744922738860555 0.2440358711010493 1.280369137729704 -0.3368345124121497 1.2815355437367741
mask_color_000025.jpg 616.640869140625 0.0 308.548095703125 0.0 616.2581787109375 248.52310180664062 0.0 0.0 1.0 -0.2735208725813907 -0.06258156902610224 -0.9598279608414089 0.6634333070855665 -0.7348017742559381 -0.14114796109217087 -0.6964502122031988 -0.6753887880652338 0.24250222453181225 1.2803256541025791 -0.33626896780683846 1.282913643256771
mask_color_000026.jpg 616.640869140625 0.0 308.548095703125 0.0 616.2581787109375 248.52310180664062 0.0 0.0 1.0 -0.27317214219042274 -0.06487617189731476 -0.9597749562269113 0.6639018976694897 -0.7347319245723991 -0.13929598937677845 -0.6961405236252778 -0.6752482126724086 0.243779562237604 1.2807638767557485 -0.337537840174878 1.2819543162434897
mask_color_000027.jpg 616.640869140625 0.0 308.548095703125 0.0 616.2581787109375 248.52310180664062 0.0 0.0 1.0 -0.2736021601175427 -0.06487863811879291 -0.9596522646554106 0.6637673338030234 -0.7348022483551175 -0.13956637701567143 -0.6960998511089187 -0.6751715743677034 0.24410772184904683 1.2806508123269178 -0.3373414498996117 1.2817446311730043
mask_color_000028.jpg 616.640869140625 0.0 308.548095703125 0.0 616.2581787109375 248.52310180664062 0.0 0.0 1.0 -0.2724825876707184 -0.06419691583961629 -0.9600165573499413 0.6654272532359253 -0.7332479251363515 -0.13983614410405565 -0.6949532970154157 -0.6769241702451123 0.24251556989987666 1.2806644135925074 -0.33713902528835293 1.2834318676125545
mask_color_000029.jpg 616.640869140625 0.0 308.548095703125 0.0 616.2581787109375 248.52310180664062 0.0 0.0 1.0 -0.27214811718987786 -0.06334725995994361 -0.9601678344057705 0.6646130500619796 -0.7339636794811231 -0.1399531600462316 -0.6958628569135539 -0.676228207096325 0.24184820669700802 1.2801260759543904 -0.3373731010808647 1.2825271420898412
mask_color_000030.jpg 616.640869140625 0.0 308.548095703125 0.0 616.2581787109375 248.52310180664062 0.0 0.0 1.0 -0.27116314461809665 -0.0645866692728605 -0.9603639268149049 0.6655279900806568 -0.733392607755226 -0.1385924692413849 -0.6953727399851022 -0.6767303489332726 0.2418531565965263 1.2809761654288798 -0.3379584999040657 1.2837966100887093
mask_color_000031.jpg 616.640869140625 0.0 308.548095703125 0.0 616.2581787109375 248.52310180664062 0.0 0.0 1.0 -0.2669511278878929 -0.061810603377040474 -0.9617257280668965 0.6686325057967899 -0.7305538111907968 -0.13864261730991911 -0.6940229726872111 -0.6800519519269412 0.23635063967983916 1.2814883716392442 -0.3380610445643466 1.2882072718310595
mask_color_000032.jpg 616.640869140625 0.0 308.548095703125 0.0 616.2581787109375 248.52310180664062 0.0 0.0 1.0 -0.2681842634131639 -0.05775619714768565 -0.9616346838147338 0.6668908823807398 -0.7314903096431862 -0.14205128633247188 -0.695222288125039 -0.6794014088587585 0.23469119144689454 1.2800296888727685 -0.3359040396150459 1.2891668879104163
mask_color_000033.jpg 616.640869140625 0.0 308.548095703125 0.0 616.2581787109375 248.52310180664062 0.0 0.0 1.0 -0.26998242611118517 -0.06556445455100213 -0.960630359861192 0.6708014917693639 -0.7285321231687596 -0.13880334406566508 -0.6907496827427066 -0.6818667894178527 0.24067154077101094 1.2799731538849124 -0.3383737572562746 1.2858284446070496
mask_color_000034.jpg 616.640869140625 0.0 308.548095703125 0.0 616.2581787109375 248.52310180664062 0.0 0.0 1.0 -0.2805583472531117 -0.06130286466714918 -0.9578771851206112 0.6685347789016673 -0.7285639898395919 -0.14918391413072385 -0.68872965472766 -0.6822291036983439 0.24538770054724424 1.2755433934129465 -0.332701658680722 1.2831270954553617
mask_color_000035.jpg 616.640869140625 0.0 308.548095703125 0.0 616.2581787109375 248.52310180664062 0.0 0.0 1.0 -0.28261802175228556 -0.05446761816432333 -0.9576847870278775 0.672266131018211 -0.7234169966854935 -0.15724554838249194 -0.6842408669877638 -0.6882595319620497 0.24106734955484654 1.2733090198263124 -0.32833021111718674 1.2876080254224886
mask_color_000036.jpg 616.640869140625 0.0 308.548095703125 0.0 616.2581787109375 248.52310180664062 0.0 0.0 1.0 -0.3008778379314956 -0.04876189603852743 -0.9524151249167976 0.6697687966028045 -0.7217426846262893 -0.1746349003638641 -0.6788833136311019 -0.6904418109834376 0.24981544264440592 1.266369369857685 -0.31789125320707723 1.2830972802509635
mask_color_000037.jpg 616.640869140625 0.0 308.548095703125 0.0 616.2581787109375 248.52310180664062 0.0 0.0 1.0 -0.30769979830111005 -0.01984198701682116 -0.9512764371019831 0.6675997518577299 -0.7168780813777564 -0.20098874831028635 -0.6779614770157387 -0.6969162332668359 0.2338296512181044 1.2595944199599065 -0.3014877633083626 1.2957825495487785
mask_color_000038.jpg 616.640869140625 0.0 308.548095703125 0.0 616.2581787109375 248.52310180664062 0.0 0.0 1.0 -0.3217411365300551 -0.009430872423953296 -0.946780625877294 0.6686448549707293 -0.7102456221844446 -0.22014840308234074 -0.6703707259676137 -0.7038909175509107 0.23482109215914548 1.2531131880915873 -0.29071191854357636 1.2971001119953414
mask_color_000039.jpg 616.640869140625 0.0 308.548095703125 0.0 616.2581787109375 248.52310180664062 0.0 0.0 1.0 -0.3333720864446619 0.014405367052573781 -0.9426851392202236 0.6690192154336647 -0.7008955911605342 -0.24730301387876868 -0.6642865242814175 -0.7131185258721677 0.2240214729639169 1.2453821265722587 -0.2746048725259004 1.3068726518410556
mask_color_000040.jpg 616.640869140625 0.0 308.548095703125 0.0 616.2581787109375 248.52310180664062 0.0 0.0 1.0 -0.3410653397758865 0.006121772252192126 -0.9400195836885112 0.6694527235437397 -0.7004270193047147 -0.24745743752945065 -0.6599301439649132 -0.713697892349024 0.23479308928514625 1.243418132717494 -0.27760247753096545 1.2986055010848176
mask_color_000041.jpg 616.640869140625 0.0 308.548095703125 0.0 616.2581787109375 248.52310180664062 0.0 0.0 1.0 -0.33990329995894575 0.003597254717865858 -0.9404534019659225 0.6657852717195851 -0.7053516478113752 -0.24332927767469353 -0.6642258511846155 -0.7088485702553552 0.23735624288347218 1.2449687644762026 -0.28100128377726896 1.2975459343809161
mask_color_000042.jpg 616.640869140625 0.0 308.548095703125 0.0 616.2581787109375 248.52310180664062 0.0 0.0 1.0 -0.3468154782515982 0.0072388926807104015 -0.9379053317788186 0.6655531377417772 -0.7026892018311293 -0.25152933237147784 -0.6608769360979332 -0.7114602158149377 0.2388855520044963 1.2442782659009648 -0.2791357866010038 1.2962372846684194
mask_color_000043.jpg 616.640869140625 0.0 308.548095703125 0.0 616.2581787109375 248.52310180664062 0.0 0.0 1.0 -0.3478139465711858 0.02277124320067947 -0.937286870865037 0.6682234904304836 -0.6952175956526592 -0.26485836487003445 -0.6576496875758913 -0.7184386731262256 0.22659001994392902 1.2441438725023 -0.27389093870573666 1.304599587059353
mask_color_000044.jpg 616.640869140625 0.0 308.548095703125 0.0 616.2581787109375 248.52310180664062 0.0 0.0 1.0 -0.3492511274060619 0.050348847780954276 -0.9356753966120674 0.6382545468619472 -0.7183066578108388 -0.2768876325586599 -0.6860429858360126 -0.693902501340759 0.2187339853508431 1.2436998047366972 -0.271446402103736 1.2999131022011081
mask_color_000045.jpg 616.640869140625 0.0 308.548095703125 0.0 616.2581787109375 248.52310180664062 0.0 0.0 1.0 -0.3325696303307941 0.07355141615121183 -0.9402060332811222 0.6171186657973763 -0.7369022518656563 -0.27593423188507704 -0.7131354445898898 -0.6719862080997008 0.1996812778772037 1.2493203038558387 -0.2778388946755832 1.304344854884028
mask_color_000046.jpg 616.640869140625 0.0 308.548095703125 0.0 616.2581787109375 248.52310180664062 0.0 0.0 1.0 -0.33299111866211417 0.08859925413177833 -0.9387581402935972 0.588315544781313 -0.7585069841799305 -0.2802712639153937 -0.7368866132524289 -0.6456139481556706 0.20045170445327165 1.2532780065855644 -0.2840446627642963 1.2923756784498954
mask_color_000047.jpg 616.640869140625 0.0 308.548095703125 0.0 616.2581787109375 248.52310180664062 0.0 0.0 1.0 -0.32665030096834347 0.10018061699098202 -0.9398208322376098 0.5573518218734832 -0.7826557213470948 -0.2771442972690301 -0.7633208859523091 -0.6143401991058689 0.19981879387086554 1.259794178417145 -0.29501014587676067 1.282099975268054
mask_color_000048.jpg 616.640869140625 0.0 308.548095703125 0.0 616.2581787109375 248.52310180664062 0.0 0.0 1.0 -0.31914029166779123 0.11229880309236995 -0.941030421740082 0.5472373988588584 -0.7888496224063355 -0.2797276438396523 -0.7737448165309835 -0.6042394626310837 0.1902994924868986 1.2685609658384536 -0.30510800838746077 1.279835770926003
mask_color_000049.jpg 616.640869140625 0.0 308.548095703125 0.0 616.2581787109375 248.52310180664062 0.0 0.0 1.0 -0.30357034269589356 0.11646255100276304 -0.9456644762423911 0.5362475941368254 -0.7995071263488518 -0.2706048551341458 -0.7875810016846359 -0.5892580276229219 0.18025377929377973 1.2809692786302003 -0.32262351251268173 1.278112158734612
mask_color_000050.jpg 616.640869140625 0.0 308.548095703125 0.0 616.2581787109375 248.52310180664062 0.0 0.0 1.0 -0.2907876944207608 0.11722632401142452 -0.949579026943975 0.5144046068738559 -0.8176691084584661 -0.2584669848936798 -0.8067407940086362 -0.5636268618358455 0.17746627414695126 1.293441315418466 -0.34311855159557675 1.269488319843136
mask_color_000051.jpg 616.640869140625 0.0 308.548095703125 0.0 616.2581787109375 248.52310180664062 0.0 0.0 1.0 -0.27635332137015833 0.11224394835360323 -0.9544788797285948 0.4827648325965992 -0.8425469196376908 -0.23885742881122973 -0.8310038102012185 -0.5267979411967938 0.17865315476510246 1.3062196551014496 -0.3686542954705023 1.2591334050150755
mask_color_000052.jpg 616.640869140625 0.0 308.548095703125 0.0 616.2581787109375 248.52310180664062 0.0 0.0 1.0 -0.27183729217743124 0.12170764221549585 -0.9546159046723184 0.47440383239423056 -0.8461138626933224 -0.24296587048723528 -0.8372847969655219 -0.5189206559818141 0.17226662673686355 1.3155126009396796 -0.3771009924839266 1.2566221382019016
mask_color_000053.jpg 616.640869140625 0.0 308.548095703125 0.0 616.2581787109375 248.52310180664062 0.0 0.0 1.0 -0.2588147518513537 0.1399007453472036 -0.955741856277923 0.4563628692303672 -0.8543478794494677 -0.24864170442626188 -0.8513214207163307 -0.5005173103390487 0.15727225739320483 1.3248349050369705 -0.3838021035976281 1.2606414050684485
mask_color_000054.jpg 616.640869140625 0.0 308.548095703125 0.0 616.2581787109375 248.52310180664062 0.0 0.0 1.0 -0.25342514956408113 0.12337596598189093 -0.9594550360194773 0.4548592219738792 -0.8601496509882118 -0.2307502619317332 -0.8537441514823514 -0.4948949381574882 0.1618648492635022 1.3363946951423324 -0.40798982564632913 1.251201534137664
mask_color_000055.jpg 616.640869140625 0.0 308.548095703125 0.0 616.2581787109375 248.52310180664062 0.0 0.0 1.0 -0.2397737992543325 0.11329954974851253 -0.9641947149002905 0.44930512430824265 -0.867451900084129 -0.21366368228144839 -0.8606008297039867 -0.4844486728081532 0.15708612659301857 1.3482668498891346 -0.4316375764669902 1.2491654731618933
mask_color_000056.jpg 616.640869140625 0.0 308.548095703125 0.0 616.2581787109375 248.52310180664062 0.0 0.0 1.0 -0.2328156593669597 0.11053680110223763 -0.9662185981660665 0.4418754043965274 -0.873021782900298 -0.2063471659106102 -0.8663390559474378 -0.4749891344885273 0.15440963900185212 1.3567140563716986 -0.4462135117427988 1.245919420688408
mask_color_000057.jpg 616.640869140625 0.0 308.548095703125 0.0 616.2581787109375 248.52310180664062 0.0 0.0 1.0 -0.22630009750154567 0.10820447026190982 -0.9680288127684205 0.4279399930172483 -0.8817177897978159 -0.19859795630420796 -0.8750177016484852 -0.4592010820285949 0.15322774224145497 1.3649859633731052 -0.4611861612826208 1.2419388833816984
mask_color_000058.jpg 616.640869140625 0.0 308.548095703125 0.0 616.2581787109375 248.52310180664062 0.0 0.0 1.0 -0.19047080532265337 0.09613766521791511 -0.9769740133202895 0.43155747773856934 -0.8856737379117954 -0.17128975096233123 -0.8817479220009923 -0.45424617877416074 0.12720600569313767 1.3771974436908425 -0.4911421495736236 1.2577803078321568
mask_color_000059.jpg 616.640869140625 0.0 308.548095703125 0.0 616.2581787109375 248.52310180664062 0.0 0.0 1.0 -0.17637007529847892 0.07691248172932408 -0.9813143420293358 0.4260016459469327 -0.8927762323558492 -0.14653764831052968 -0.8873649090155169 -0.44388650025503407 0.12469406663294474 1.3853850505832024 -0.5187560123478241 1.255990309363009
mask_color_000060.jpg 616.640869140625 0.0 308.548095703125 0.0 616.2581787109375 248.52310180664062 0.0 0.0 1.0 -0.17430593517875081 0.08081580938110156 -0.9813695357353893 0.40856748118456565 -0.9008530676945132 -0.14675295709575498 -0.8959299439023898 -0.4265355663375303 0.12400526271417067 1.389897936064211 -0.5260273990484549 1.254101972702952
mask_color_000061.jpg 616.640869140625 0.0 308.548095703125 0.0 616.2581787109375 248.52310180664062 0.0 0.0 1.0 -0.16830817275677568 0.07919087266637437 -0.9825482025526027 0.39902360519039703 -0.9059770797083848 -0.14137114922189692 -0.9013616977364851 -0.41585387093000703 0.12088425631050242 1.3948584288731216 -0.5368852504060394 1.2539497633677716
mask_color_000062.jpg 616.640869140625 0.0 308.548095703125 0.0 616.2581787109375 248.52310180664062 0.0 0.0 1.0 -0.1703266269124999 0.07462926502158052 -0.9825573902759217 0.3964155873629629 -0.9076915438251785 -0.137661633368781 -0.9021329003598906 -0.4129486188977616 0.12501982835919456 1.3987761874047306 -0.5457907946142257 1.2477231939797138
mask_color_000063.jpg 616.640869140625 0.0 308.548095703125 0.0 616.2581787109375 248.52310180664062 0.0 0.0 1.0 -0.1707720719601209 0.08245978226205697 -0.981853935640892 0.3850119483583221 -0.9116823298407786 -0.14353088461076602 -0.9069746396172453 -0.4025365884498071 0.12394185810375469 1.4027395753764806 -0.5470537005573374 1.2465947501504309
mask_color_000064.jpg 616.640869140625 0.0 308.548095703125 0.0 616.2581787109375 248.52310180664062 0.0 0.0 1.0 -0.17029037586204332 0.07889752545954476 -0.982230203687033 0.39865676439840314 -0.9060567545515807 -0.14189439934941356 -0.9011517044051658 -0.41573603269546267 0.12283962249653174 1.406762729330831 -0.5526091847066947 1.2432903690372104
mask_color_000065.jpg 616.640869140625 0.0 308.548095703125 0.0 616.2581787109375 248.52310180664062 0.0 0.0 1.0 -0.1728953296444189 0.08011829757049282 -0.9816761738186708 0.4131980186789601 -0.8988398969077767 -0.14613114892493273 -0.8940777140893585 -0.43089207176961053 0.12230044487290626 1.409852106093092 -0.5532419593894855 1.2395754891214752
mask_color_000066.jpg 616.640869140625 0.0 308.548095703125 0.0 616.2581787109375 248.52310180664062 0.0 0.0 1.0 -0.1627769048407206 0.07589058179063057 -0.9837398084584867 0.40865908376616566 -0.9023115193443334 -0.13722852651705486 -0.8980543781729118 -0.4243519253341945 0.11586209000623471 1.4142457961218131 -0.563742337145994 1.2424455623068495
mask_color_000067.jpg 616.640869140625 0.0 308.548095703125 0.0 616.2581787109375 248.52310180664062 0.0 0.0 1.0 -0.15001140003580993 0.07224663995847269 -0.98604098422053 0.4092434077349072 -0.9033388915195726 -0.12844730731016563 -0.9000093279519126 -0.42279936400752227 0.10594463358005035 1.4186701816809333 -0.574186294863414 1.2478534027991994
mask_color_000068.jpg 616.640869140625 0.0 308.548095703125 0.0 616.2581787109375 248.52310180664062 0.0 0.0 1.0 -0.16175446570564667 0.06942706445685287 -0.9843856403084876 0.4082093917450962 -0.9034695381652411 -0.13079715738497166 -0.8984436133477303 -0.4229925288366079 0.1177993979069164 1.4195273111128124 -0.5752924588553731 1.2358970824620175
mask_color_000069.jpg 616.640869140625 0.0 308.548095703125 0.0 616.2581787109375 248.52310180664062 0.0 0.0 1.0 -0.15647056853257268 0.060675764201721716 -0.985817049139694 0.40776633575759114 -0.9051095739880117 -0.12042961818673326 -0.8995798596812055 -0.4208267519947675 0.11688143981533039 1.4222384851136907 -0.5865451998121617 1.2347452957338498
mask_color_000070.jpg 616.640869140625 0.0 308.548095703125 0.0 616.2581787109375 248.52310180664062 0.0 0.0 1.0 -0.1587275199996636 0.05704340408367026 -0.98567309900701 0.40127077523304955 -0.9084315186293321 -0.1171916826299827 -0.9021017741990462 -0.41412342439509886 0.12130324232103373 1.4238973909991972 -0.5918422294711487 1.2299131045018552
mask_color_000071.jpg 616.640869140625 0.0 308.548095703125 0.0 616.2581787109375 248.52310180664062 0.0 0.0 1.0 -0.1538460197521445 0.041461238874919815 -0.9872244531595058 0.3973097592499819 -0.9121950412619837 -0.10022566350329498 -0.9046970304942201 -0.40765327911594484 0.12386453816179888 1.425174672397032 -0.6077556088372508 1.2260206697136526
mask_color_000072.jpg 616.640869140625 0.0 308.548095703125 0.0 616.2581787109375 248.52310180664062 0.0 0.0 1.0 -0.14930472528838656 0.04957291179071932 -0.9875476531709717 0.3879547375440566 -0.9157212960644157 -0.10462117290244 -0.9095050926221342 -0.3987442776975867 0.1174894510352178 1.4282274803778447 -0.6066039698168163 1.2306675082573695
mask_color_000073.jpg 616.640869140625 0.0 308.548095703125 0.0 616.2581787109375 248.52310180664062 0.0 0.0 1.0 -0.14274888625209137 0.047956340249021956 -0.9885963466177978 0.3853120181825833 -0.9173370752429859 -0.10013690043010892 -0.911678522751525 -0.39521255772107144 0.11247062160166554 1.4306878061120392 -0.6114567328591269 1.2337392619071994
